# class coastal green red blue red_edge1 red_edge2 red_edge3 swir1 swir2 NDVI LAI MNDWI
1 787.5 1308 1653 994.5 2290 2028 2119 3878 3038 0.161552 0.272641 -0.495565 
1 959 1601 2092 1163 2789 2493 2666 4595 3617 0.142799 0.261358 -0.483215 
1 738 1420 1816 1140 2534 2258 2396 4191 3045 0.165057 0.318446 -0.493851 
1 467 778.5 1206 535.5 1707 1533 1648 3166 2930.5 0.171988 0.185585 -0.605273 
1 470 949 1332 753 2252 1897 2046 3747 2937 0.256696 0.452096 -0.595826 
1 591.5 909.5 1348 636.5 1746 1718 1846 3501.5 2816.5 0.128636 0.121034 -0.587622 
1 577 920.5 1278 692.5 1936 1692 1837.5 3471 2966 0.204729 0.295012 -0.580781 
1 594.5 1128 1592 786.5 2199 2028.5 2174 4285.5 3774 0.160116 0.228343 -0.583264 
1 739.5 1392 1947 1047 2582 2263 2436.5 3978 3209 0.140208 0.231973 -0.481564 
1 544 1188 1868 766 2430 2174 2313 4341 3857 0.130758 0.166094 -0.570266 
1 372 1037 1676 649 2188 1957.5 2075 3855.5 3469 0.132505 0.148512 -0.576086 
1 995 1506 2018 1104 2654 2421 2557 4579 4148 0.13613 0.231024 -0.505012 
1 624.5 1098 1465 817 1911 1778 1902.5 3488 2733 0.132109 0.158809 -0.521151 
1 859 1377 1851 1027 2491 2240 2388.5 4124 3913 0.147398 0.246201 -0.499364 
1 725.5 1511 2240 1041 2921 2655.5 2833.5 4646 4058 0.131951 0.213994 -0.509176 
1 736.5 1447 1977 1033.5 2725 2431 2576 3979.5 3039.5 0.159081 0.283863 -0.466691 
1 1968 2462 2846 2138 3624 2983 3070 4493 3607 0.120247 0.361851 -0.29202 
1 644.5 1193 1556 952.5 2326 1938.5 2106.5 4240.5 3338 0.198351 0.361717 -0.560872 
1 1019 1516 1870 1238 2310 2167 2270 4147 3367 0.105263 0.161382 -0.464595 
1 593 1023 1212 791 2020 1850 1966 3099 2355 0.25 0.429053 -0.503639 
1 470.5 827 1159.5 606.5 1582 1440.5 1580 3211.5 2462.5 0.154113 0.155155 -0.590442 
1 520 1070 1538 735 2292 1956 2151 4166 3217 0.196867 0.308046 -0.591291 
1 1108.5 1034 1478 844 1832 1963.5 2168.5 3654 3148 0.106949 0.10482 -0.558874 
1 556.5 1107 1562 843.5 2213 1913 2062.5 3901 3112.5 0.17245 0.267896 -0.557907 
1 758 1412 1954 1054 2700 2504 2650 4138 3303 0.160292 0.290473 -0.491171 
1 621 1108 1396 866 2204 1946 2079 3976 3276 0.224444 0.400875 -0.564123 
1 603 1206 1520 838 2504 2242 2390 4014 3394 0.244533 0.462239 -0.537931 
1 1666 2042 2392 2002 3052 2551 2674 3998 3071 0.121234 0.363855 -0.323841 
1 981 1904 2082 1844 2920 2393 2463 3697 2766 0.167533 0.536439 -0.320121 
1 617 1102 1374 830 2134 1887 2008 3677.5 3296 0.216648 0.367706 -0.538864 
1 475.5 930 1263 686.5 1770 1613.5 1721.5 3782 3191.5 0.167161 0.204962 -0.605263 
1 675 1149 1607 886.5 2135 1941 2077 3930 3408 0.141101 0.197685 -0.547549 
1 1084.5 1155.5 1991 585 2380 2786.5 2866.5 4476 3824 0.088996 0.058468 -0.58963 
1 785 1494 1848 1098 2412 2209 2360 3799 2868 0.132394 0.216188 -0.435481 
1 874.5 1398 1905 1076 2625 2290 2468.5 4635 3882.5 0.15894 0.289407 -0.536549 
1 790 1668 2102 1252 2934 2455 2624 4633 4087 0.16521 0.347798 -0.47056 
1 605 1056 1532 757 1998 1781 1891 3737 2644 0.132011 0.153714 -0.559357 
1 1081 1890 2612 1404 3222 3149 3340 5138 3799 0.104559 0.182449 -0.462151 
1 843 1452 1978 1067 2538 2277.5 2441.5 4262 3490.5 0.124004 0.190788 -0.491775 
1 712 1428 1880 1003 2426 2219 2294 4197 3293 0.1268 0.187161 -0.492267 
1 771 1622 2222 1198 2834 2593 2750 4651 3780 0.121044 0.20419 -0.482863 
1 573 891 1260 692.5 1826 1701 1854 3582 2980.5 0.183409 0.242723 -0.60161 
1 831.5 1369 1798 1043 2465 2210 2361 4433.5 3290.5 0.156463 0.27298 -0.528134 
1 813 1310 1726 926 2680 2368 2579 4253 3141 0.216523 0.418258 -0.529031 
1 580.5 1077 1557 812.5 2271 1995.5 2181.5 4328.5 3427 0.18652 0.298137 -0.601517 
1 452 1164 1788 775 2436 2133 2312 4119 3615 0.153409 0.21979 -0.559341 
1 816 1336 1804 896 2562 2370 2507 3962 3223 0.173614 0.293383 -0.495659 
1 627.5 1103 1548 769.5 2126 1966.5 2080.5 3645 3060.5 0.157322 0.216213 -0.535383 
1 674.5 1239 1742 895 2563 2180 2394 4245 3327 0.190708 0.33751 -0.54814 
1 308 832.5 1386 456 2358 2061.5 2227 3525 2904 0.259615 0.391548 -0.6179 
1 662 1050 1342 782.5 2186 1969 2093 4088.5 3242 0.239229 0.413272 -0.59132 
1 701 1424 2004 1027.5 2748 2434 2583.5 4052.5 3112.5 0.156566 0.276327 -0.47996 
1 559 1220 1584 875 2010 1859 1963 4150 3248 0.118531 0.139711 -0.545624 
1 755 1266 1722 922 2386 2292 2539 4594 3725 0.161636 0.262047 -0.567918 
1 771.5 1288 1835 974.5 2678 2276 2458.5 4544.5 3599 0.186794 0.347524 -0.558337 
1 538 1469 2240 1037 3144 2687 2942.5 4318.5 2834.5 0.167905 0.316779 -0.492354 
1 721.5 1159 1504 942.5 1977 1762 1889 3325.5 2830 0.13588 0.189078 -0.483108 
1 555.5 1254 1834 905 2645 2250 2471.5 4393 3360 0.181067 0.317044 -0.55587 
1 687 1338 1808 1028 2416 2150 2317 3968 3403 0.143939 0.235566 -0.495665 
1 856 1538 1940 1194 2784 2464 2616 4238 3778 0.178662 0.375502 -0.467451 
1 875.5 1377 1800 1075 2389 2192 2348.5 4143.5 3459.5 0.140606 0.234197 -0.501132 
1 756 1388 1823 1088 2321 2123 2250 4121 3394.5 0.120174 0.180325 -0.496097 
1 733 1360 1868 1044 2598 2229 2389 4266 3395 0.163457 0.295298 -0.51653 
1 675 991 1330 838 1822 1565 1724 3874 2837 0.156091 0.211225 -0.5926 
1 690.5 1219 1578 846 2423 2188.5 2341.5 3552.5 2830.5 0.211197 0.373639 -0.48905 
1 673.5 1208 1647 915 2408 2112.5 2278.5 4179.5 3308 0.18767 0.328167 -0.551555 
1 981 1516 2008 1194 2922 2601 2841 5052 4259 0.185396 0.398212 -0.538368 
1 819 1333 1786 1012 2503 2348.5 2500 3845 2959.5 0.167172 0.296951 -0.485129 
1 516 1038 1584 739 2220 1864 2025 4641 3974 0.167192 0.237506 -0.634443 
1 727 1260 1712 950 2216 1917 2012 3949 3199 0.12831 0.178731 -0.516222 
1 752 1450 2040 1064 2624 2384 2553 4422 3626 0.125214 0.194857 -0.506131 
1 432 1106 1778 672 2384 2102 2266 4817 3926 0.145603 0.186312 -0.626541 
1 729 1293 1690 872.5 2613 2350.5 2526 3791.5 3160.5 0.214502 0.397048 -0.491395 
1 628 1032.5 1465 791 2195 1843 2024.5 4186.5 3393.5 0.199454 0.320655 -0.60433 
1 724 847 1170.5 701.5 1616 1693.5 1942.5 3397.5 3267 0.159878 0.183213 -0.600895 
1 494 1192 1714 822 2764 2369 2540 4588 3591 0.23448 0.444533 -0.587543 
1 786 1230 1686 977 2348 2015.5 2169 4353 3706 0.164105 0.277586 -0.559377 
1 692 1295 1830 909.5 2293 2102 2229 3635 2729.5 0.112297 0.136553 -0.474645 
1 777 1421 1885 1044 2704 2290.5 2426.5 4036 3088.5 0.17847 0.339727 -0.479201 
1 712 1300 1708 1050 2314 2031 2166 3954 3336 0.150671 0.255205 -0.505139 
1 744 1331 1873 872.5 2512 2280.5 2434 4795 3886 0.145724 0.21791 -0.565459 
1 643 1056 1344 742 2406 2257 2386 3575 2516 0.2832 0.526468 -0.543943 
1 852.5 1481 1984 1062 2589 2345.5 2536 4552 3884.5 0.132298 0.213088 -0.509034 
1 730 1276 1679 968 2167 1981.5 2104.5 3701 3085 0.126885 0.176637 -0.487241 
1 713 1473 2149 1036.5 2822 2562 2685.5 4137.5 3067 0.135385 0.221271 -0.474913 
1 1242 1790 2340 1266 3218 2786 2988 4149 3200 0.157971 0.329082 -0.397205 
1 580 1428 2014 957 2632 2291 2366 3570 2558 0.133018 0.200717 -0.428571 
1 536 1024 1360 728 1892 1643 1776 4066 3676 0.163592 0.211766 -0.597642 
1 765.5 1874 2558 1351 3332 3092 3252 4458.5 3134.5 0.131409 0.259454 -0.408133 
1 779 1449 1994 1044.5 2511 2304 2445 3747.5 2858 0.114761 0.163004 -0.442317 
1 674 1312 1828 968 2442 2089 2269 3950 3322 0.143794 0.225878 -0.50133 
1 1180 1617 2001 1134 2744 2675.5 2897 4769 4085.5 0.156586 0.295692 -0.49358 
1 554.5 1253 1665 860 2200 1945 2041.5 4017 3376 0.138422 0.189438 -0.524478 
1 806 1092 1626 732 2086 1951 2128 3890 3429 0.123922 0.136446 -0.561622 
1 719 1356 1714 1002 2700 2418 2573 4195 3441 0.22338 0.458532 -0.511439 
1 864 1370 1870 1064 2524 2299 2411 3879 3010 0.148839 0.257249 -0.477996 
1 747 1378 1812 993 2308 2181 2294 3979 3232 0.120388 0.167163 -0.485533 
1 940 1478 1920 1136 3006 2593 2779 4794 3902 0.220463 0.495699 -0.528699 
1 1073 1606 2096 1238 2754 2464 2636 4606 3885 0.13567 0.252932 -0.482936 
1 648 1206 1746 819 2250 2092 2211 3498 2819 0.126126 0.156892 -0.487245 
1 788 1638 2180 1258 2854 2454 2635 4614 3879 0.13389 0.251497 -0.476008 
1 526 1194 1785 837 2551 2066.5 2329 4361.5 3520 0.176661 0.289953 -0.570156 
1 776 1372 1830 1054 2420 2198 2326 4082 3236 0.138824 0.226405 -0.496883 
1 1033 1648 2204 1212 2814 2538 2682 4675 4053 0.121562 0.207552 -0.478728 
1 633 1152 1648 786 2322 2100 2242 3899 2907 0.169773 0.255664 -0.543853 
1 987.5 1478 1913 1183 2828 2616.5 2794 4858.5 3855 0.192997 0.418247 -0.533496 
1 619 1126 1495 755.5 2177 1911.5 2095 4385 3551.5 0.18573 0.280475 -0.591363 
1 378 868 1472 505 1976 1846 1984 3583 3106 0.146172 0.149835 -0.609975 
1 1090 1992 2627 1481 3409 3065.5 3254.5 5005 3880 0.129556 0.273574 -0.430613 
1 798 1334 1727 1080 2287 1989 2153 4025.5 3626.5 0.139512 0.230148 -0.502192 
1 907 1742 2432 1316 3276 2871 3079 4648 3465 0.147863 0.306157 -0.454773 
1 793 1383 1940 1035 2748 2407 2596.5 5257 4362.5 0.172355 0.321587 -0.583434 
1 707 1366 1914 909 2544 2389 2460 3535 2436 0.141319 0.213097 -0.442563 
1 1079 1643 1960 1360 2821 2516.5 2709.5 4614.5 4213 0.180088 0.42353 -0.47487 
1 1216 1826 2148 1512 3244 2892 3129 4793 4359 0.203264 0.552181 -0.448255 
1 696.5 1240 1642 958 2465 2157 2315 4082 3296.5 0.20039 0.37394 -0.53401 
1 665 1080 1626 810.5 2383 2261.5 2463.5 3950 2814 0.188825 0.308336 -0.570576 
1 614 1089.5 1532 795 2166 1947.5 2125.5 3553.5 2997.5 0.171444 0.254481 -0.530691 
1 586 1206 1646 886 2778 2443 2632 4263 3337 0.255877 0.521574 -0.558969 
1 778.5 1319 1755 1050 2629 2255.5 2432.5 4563 3716 0.199361 0.399229 -0.551513 
1 613.5 1111 1548 826.5 2174 1865.5 2016.5 3866 3112.5 0.168189 0.252968 -0.553546 
1 603 1386 1892 974 2578 2262 2452 4488 3479 0.153468 0.255225 -0.52809 
1 700 1316 1770 872 2302 2099 2258 3997 3243 0.130648 0.175733 -0.504611 
1 673.5 1238 1997 870.5 2559 2274.5 2427 4220.5 3707 0.123354 0.164213 -0.546396 
1 621.5 1166 1632 864 2196 2000 2159.5 4057 3073.5 0.147335 0.210952 -0.553513 
1 640 1124 1514 816 2072 1800 1931 3641 3001 0.155605 0.217668 -0.528227 
1 538 996 1478 662 1934 1691 1786 2892 2514 0.133646 0.142436 -0.487654 
1 508 1020 1388 773 1978 1768 1916 3733 2981 0.175282 0.249822 -0.570797 
1 700.5 852.5 1093.5 678 1958 1822 1970 3374 2635 0.283303 0.464061 -0.596593 
1 632 1370 1950 974 2699 2295.5 2512.5 4062 3139.5 0.16111 0.278321 -0.495582 
1 756 1379 1871 1027.5 2455 2164 2324 3729 2879.5 0.134998 0.212664 -0.460063 
1 833.5 1463 1943 1081 2506 2317 2475 4194 3391 0.126545 0.199151 -0.482765 
1 832.5 1309.5 1465 1228.5 2050 1769 1861 3204 2651.5 0.16643 0.337119 -0.419741 
1 804 1344 1732 1056 2432 2201 2357 4022 3488 0.168108 0.306819 -0.499068 
1 727.5 1484 2083 1066 2590 2409 2491 3817.5 2947.5 0.108496 0.150286 -0.440158 
1 642.5 1247 1757 824 2491 2394.5 2535 4160 3294.5 0.172787 0.275938 -0.538746 
1 782 1500 1952 1062 2388 2193 2288 3987 3360 0.100461 0.126414 -0.453253 
1 590 1352 1946 901 2636 2373 2536 4314 3401 0.150589 0.237524 -0.522767 
1 718 1244 1792 872 2348 2194 2320 3864 2936 0.1343 0.185685 -0.512921 
1 719.5 1296 1846 916 2443 2416.5 2556 3835.5 2980.5 0.139193 0.206336 -0.494885 
1 702 1430 2126 888 2834 2594 2797 5511 4524 0.142742 0.220292 -0.587956 
1 956.5 1836 2489 1227 3198 2927.5 3089.5 5395.5 4585 0.12467 0.220778 -0.492222 
1 595 1278 1788 841 2200 2054 2129 3983 3078 0.10331 0.106213 -0.514161 
1 628 1316 1930 897 2686 2360 2550 4247 3386 0.163778 0.271886 -0.526874 
1 838.5 1547 1971 1148 2818 2569 2739 4212.5 2999 0.176864 0.359804 -0.462801 
1 689.5 1177 1541 823.5 1989 1864 1971 3898.5 3328.5 0.126912 0.15109 -0.536203 
1 749 1394 1920 1078 2728 2418 2568 4425 3274 0.173838 0.334166 -0.52088 
1 765 1211 1599 904.5 2410 2168 2305.5 3606.5 2740 0.202295 0.363956 -0.49725 
1 700 1442 1960 1056 2670 2298 2522 4517 3702 0.153348 0.270973 -0.516026 
1 666 1198 1644 830 2158 1811 1937 3142 2819 0.135192 0.176305 -0.447926 
1 1200.5 1726 2236 1366 3179 2808 2980 4989 4281 0.174146 0.403678 -0.485927 
1 1063 1440 1897 1163 2404 2150.5 2292 4439.5 3659.5 0.11788 0.186432 -0.510162 
1 682 891.5 1289 700.5 2072 1746.5 1921.5 4165.5 3424 0.232966 0.368676 -0.64742 
1 674 1402 2195 937 2975 2527 2728.5 4491.5 3561 0.15087 0.251039 -0.524222 
1 715.5 1007 1450 701.5 1830 1708 1945 3416.5 3049 0.115854 0.107107 -0.544704 
1 420 1072 1588 659 2216 2122 2241 3307 2484 0.165089 0.22008 -0.510391 
1 780 1638 2086 1264 2850 2585 2731 4348 3416 0.154781 0.316998 -0.452723 
1 666 1236 1784 927 2312 2054 2254 3960 3462 0.128906 0.179305 -0.524249 
1 531 1329 2730 701.5 3459 3262.5 3389.5 5423 4526 0.11779 0.150283 -0.606339 
1 669.5 1378 1868 1044 2665 2259.5 2391.5 4221.5 3226 0.175822 0.331346 -0.507813 
1 928 1456 1919 1146 2672 2325 2519.5 4670.5 3829 0.164017 0.318847 -0.524688 
1 774 1578 1976 1124 2932 2611 2764 4081 3062 0.194784 0.410611 -0.442304 
1 545 1040 1444 803 2164 1907 2055 3660 3384 0.199557 0.321864 -0.557447 
1 631 1088 1440 849 2124 1789 1923 4033 3493 0.191919 0.311742 -0.575083 
1 589 900 1218 633 2128 1686 1961 3198 2360 0.271967 0.442367 -0.560761 
1 617.5 1217 1798 851.5 2420 2131 2310 3946.5 3309.5 0.147463 0.216447 -0.528614 
1 1706 2530 2996 2222 3492 3219.5 3341.5 5125 4952.5 0.076449 0.185068 -0.338994 
1 643 1428 1998 996 2622 2299 2451 3777 3309 0.135065 0.211293 -0.451297 
1 844 1396 1880 1092 2424 2198 2342 4278 3881 0.126394 0.199164 -0.507931 
1 640 1256 1810 920 2522 2254 2404 4314 3270 0.164358 0.272732 -0.549013 
1 858 1733 2296 1228 3013 2641 2811.5 4716.5 3908 0.135054 0.250921 -0.462594 
1 633 1216 1694 905 2360 2011 2214 4746 3921 0.164282 0.264802 -0.592083 
1 653 1064 1556 772 2192 1956 2142 3582 3047 0.169691 0.247524 -0.541972 
1 689 1298 1852 948 2330 2236 2395 3647 2683 0.114299 0.146726 -0.475025 
1 662 1312 1732 1008 2354 2106 2264 3970 2762 0.152227 0.252472 -0.503218 
1 1220 1666 2160 1328 3116 2690 2851 4775 4169 0.181198 0.418549 -0.482689 
1 813 1578 2004 1170 3000 2627 2825 4489 3343 0.199041 0.436423 -0.479809 
1 818 1472 2206 1036 2988 2538 2719 4871 4319 0.150558 0.265288 -0.535866 
1 681.5 1211 1691 857.5 2480 2189.5 2361 4085 3192.5 0.189163 0.322668 -0.542674 
1 765.5 1334 1892 1004 2480 2230.5 2346.5 3879.5 2862.5 0.134492 0.208246 -0.488252 
1 762 1222 1668 980 2348 1972 2166 4329 3530 0.169323 0.291876 -0.559719 
1 1414 2054 2796 1584 3542 3171 3439 5918 5255 0.117703 0.24796 -0.484696 
1 604 1284 1920 929 2478 2282 2400 3494 2675 0.126876 0.178357 -0.462537 
1 668 1121 1618 750.5 2126 2062 2158.5 3210.5 2668 0.135684 0.165541 -0.482396 
1 379 913.5 1241 558.5 2081 1820 1975.5 3870.5 3214 0.25286 0.37735 -0.618102 
1 807 1462 1966 1034 2684 2331 2456 4416 3708 0.154409 0.2703 -0.502552 
1 589 937 1358 671 1928 1745 1914 3301 2870 0.173463 0.224716 -0.55781 
1 871 1420 1770 1122 2725 2410.5 2620.5 4689.5 4027.5 0.212458 0.460565 -0.53515 
1 847 1984 2746 1402 3746 3356 3492 4670 3350 0.154036 0.340974 -0.403667 
1 672 1111 1517 808 1927 1806 1875.5 3211 2670.5 0.119048 0.129742 -0.485886 
1 613 1454 2022 1015 2888 2531 2697 4268 3150 0.176375 0.331977 -0.491786 
1 563 1290 1692 954 2430 2049 2160 3924 3402 0.179039 0.314697 -0.505178 
1 949 1590 2124 1228 2684 2502 2650 4527 3476 0.116473 0.19432 -0.480137 
1 775 1166 1618 899 2322 2069 2262 4138 3327 0.17868 0.298529 -0.560332 
1 593 1200 1576 816 2338 1994 2172 4017 3109 0.194686 0.321728 -0.539966 
1 708 1068 1484 801 1892 1742 1856 3455 2881 0.120853 0.131543 -0.527747 
1 742 1372 1914 882 2864 2572 2714 4673 3685 0.198828 0.366563 -0.546071 
1 719.5 1144 1546 900.5 2377 2054 2260 4246.5 3396.5 0.211828 0.386481 -0.57555 
1 859 1174 1560 956 2154 1936 2125 4902 4311 0.159935 0.256563 -0.613562 
1 981.5 1511 1988 1220 2740 2465 2644.5 4647.5 3714 0.159052 0.320319 -0.509296 
1 917.5 1270 1709 1000 2289 2047 2178.5 3755.5 3139 0.145073 0.23074 -0.494578 
1 745 1274 1656 927 2128 2031 2185 3575 2784 0.124736 0.164516 -0.474531 
1 653.5 1427 1975 1020 2845 2513 2744.5 4784 3849 0.180498 0.343669 -0.540493 
1 544 1318 1938 867 2632 2260 2472 4555 3559 0.15186 0.235497 -0.551166 
1 722 1318 1868 982 2536 2238 2412 4087 3229 0.15168 0.250891 -0.512303 
1 684 1132 1566 878 2500 2112 2353 4813 4056 0.22971 0.433762 -0.619176 
1 769.5 1376 1569.5 1183.5 2174 2054.5 2144.5 3241.5 2422.5 0.16148 0.312028 -0.404006 
1 316 578 805 317 1672 1376 1651 2724 1878 0.35002 0.437207 -0.649909 
1 627 1306 1794 872 2592 2269 2440 3665 3025 0.181943 0.311229 -0.474552 
1 676 1230 1755 793 2376 2194.5 2343 4416 3481.5 0.150327 0.213217 -0.564293 
1 704 1522 2132 1144 2822 2531 2659 4585 4117 0.139281 0.248388 -0.501556 
1 716 1524 2177 1112 3011 2580 2778 4773.5 3731.5 0.160756 0.307395 -0.515998 
1 1036 2436 3064 1766 3620 3309 3470 5202 3636 0.083184 0.150086 -0.362137 
1 572 1214 1632 859 2142 1994 2135 3508 2704 0.135135 0.179773 -0.485811 
1 1194.5 1642 1903 1476.5 2782 2363 2472.5 4120 3147.5 0.18762 0.487699 -0.430059 
1 847 1570 2082 1220 2634 2431 2576 4286 3630 0.117048 0.194521 -0.463798 
1 719 1369 1820 984.5 2425 2196.5 2318.5 3396.5 2652 0.142521 0.224844 -0.425454 
1 617.5 1035 1330 738 2368 2067.5 2231.5 3904 2901 0.280692 0.515816 -0.580887 
1 715.5 1177 1643 888 2343 2005.5 2183.5 4325.5 3424 0.175615 0.289406 -0.572194 
1 793 1370 1848 1028 2744 2342 2520 4601 4160 0.195122 0.384687 -0.541115 
1 1371 1914 2318 1510 2986 2750 2855 4530 3669 0.125943 0.270083 -0.405959 
1 634 907 1356 681 2056 1727 1934 3879 3245 0.205158 0.301735 -0.620978 
1 800 1232 1716 836 2136 2061 2206 4478 3229 0.109034 0.117051 -0.568476 
1 681.5 1235 1813 894 2256 2225.5 2328.5 3791 2763 0.108872 0.125894 -0.508556 
1 600 975 1173.5 692.5 2528 2193.5 2410 3531.5 2827.5 0.365933 0.73426 -0.567292 
1 726 1272 1642 970 2712 2317 2569 4276 3759 0.245751 0.515014 -0.541456 
1 673 1460 1938 1072 2584 2279 2442 3620 2785 0.142857 0.243308 -0.425197 
1 891.5 1241 1694 987.5 2187 1941.5 2065.5 4322 3423.5 0.127029 0.180378 -0.553838 
1 807 1404 1814 1032 2412 2215 2371 3795 3127 0.141505 0.229706 -0.459896 
1 618 1104 1488 761 1964 1880 1961 3000 2416 0.137891 0.16554 -0.461988 
1 733 1462 2020 1084 2610 2430 2563 4208 3191 0.12743 0.203479 -0.484303 
1 580 1128 1532 744 2026 1896 2021 4023 3228 0.138842 0.167729 -0.562027 
1 566 1035 1339 761 2186 2007 2133.5 3116.5 2449.5 0.240284 0.409898 -0.501385 
1 571.5 1260 1833 887 2423 2152.5 2272.5 4173.5 3805.5 0.138628 0.200249 -0.536211 
1 668 1337 1773 940.5 2652 2276 2431.5 4081 3509.5 0.198644 0.371679 -0.50646 
1 867 1534 1998 1034 2658 2496 2648 4588 3561 0.141753 0.235425 -0.498857 
1 816.5 1604 2137 1210 3145 2723 2911.5 4791.5 3744 0.190837 0.421744 -0.498397 
1 2462 2736 2730 2670 3288 2842 2817 3568 2683 0.092722 0.405396 -0.13198 
1 781 1578 2030 1130 2746 2417 2569 4375 3443 0.149916 0.275667 -0.469847 
1 815 1188 1716 859 2193 1979.5 2082.5 4269 3694 0.122026 0.150873 -0.564596 
1 573.5 1285 1834 829 2649 2244 2428 4034 3377.5 0.181798 0.304797 -0.516827 
1 930 1478 1934 1160 2418 2268 2422 4326 3747 0.111213 0.167719 -0.490696 
1 851.5 1376 1867 1080 2625 2393.5 2622.5 4352 3320.5 0.168744 0.317945 -0.519553 
1 638 1284 1798 846 2714 2458 2742 4202 3191 0.203014 0.364906 -0.531899 
1 538 1070 1468 809 2070 1804 1943 4048 3493 0.170153 0.249651 -0.581868 
1 729.5 1221 1643 883 2282 2047.5 2172.5 3733.5 2998.5 0.162803 0.254467 -0.507115 
1 1053 1788 2130 1412 2830 2623 2753 4775 4125 0.141129 0.303538 -0.455127 
1 577 1204 1594 843 2134 1808 1908 4383 3405 0.14485 0.199668 -0.568999 
1 669 1166 1558 867 2198 1902 2055 3820 3486 0.170394 0.266804 -0.53229 
0 377.5 850 1316 532.5 2512 2242.5 2506 3603 2784.5 0.312435 0.54105 -0.618235 
0 272 380 491 299 1222 1015 1185 1645 1171 0.426737 0.436433 -0.624691 
0 400 835 864 491 2480 2227 2474 2485 1721 0.483254 0.927433 -0.496988 
0 146.5 405.5 741 204 1229 1251.5 1374 2320.5 1736 0.247716 0.194051 -0.702495 
0 136 454 979 234 1900 1725 1862 2824 2244 0.319903 0.402035 -0.723002 
0 216 786 765 387 2867 2484.5 2806.5 2533 1639 0.578745 1.188303 -0.526363 
0 194.5 615 865 338 2050 1760.5 1939 2250.5 1455 0.406518 0.61089 -0.570756 
0 238.5 737 1510 374 2116 2146 2228.5 3440 2628 0.167126 0.180365 -0.647115 
0 327 778 1274 456 1890 1909 2049 2497 2023 0.19469 0.227769 -0.524886 
0 367.5 982 1176 634.5 2680 2322.5 2630 2885.5 2037 0.390042 0.79029 -0.492178 
0 293.5 551.5 788.5 332 1624 1663 1822.5 1906 1421 0.346321 0.427049 -0.55117 
0 497 1008 1368 703 2326 1994 2217 3231 2251 0.259339 0.449776 -0.524416 
0 311.5 675 976.5 453 1400 1192 1269 3007 3068.5 0.178203 0.158345 -0.633351 
0 284 816 1284 498 2066 2058 2159 3108 2450 0.233433 0.323109 -0.584098 
0 648 1287 2242 783 2813 2566 2715.5 4410 3692 0.112957 0.135265 -0.548183 
0 163.5 459 698.5 272.5 1124 1034.5 1103 2052.5 1608 0.233471 0.171999 -0.634481 
0 545 1060 1586 774 1628 1745 1812 2942 2040 0.013068 -0.093234 -0.470265 
0 218 511 1019.5 292.5 1388 1457 1531 1986 1869 0.153063 0.099688 -0.590709 
0 333 739 1054 481 1558 1594 1707 2315 1773 0.192956 0.201358 -0.516044 
0 598 1258 1880 766 2534 2443 2525 3767 3246 0.148165 0.20938 -0.499304 
0 804 1764 2712 1158 3278 2899 3060 4604 3628 0.094491 0.127362 -0.44598 
0 254 619 1300 375 1584 1590 1594 2127 1772 0.098474 0.037012 -0.549162 
0 630 1537 2769 909 3600 3336 3497.5 4946 4236.5 0.130476 0.203262 -0.525837 
0 259.5 750.5 1389 450.5 1724 1780 1822.5 2939.5 2305.5 0.107613 0.063667 -0.593225 
0 274 906.5 2119 451.5 2710 2662 2750.5 4081.5 3568 0.122386 0.124565 -0.636528 
0 493.5 1165 1678 734.5 2066 2213.5 2291.5 3232.5 2837.5 0.103632 0.093092 -0.470154 
0 179 658 1214 403 1622 1476 1528 2501 1974 0.143865 0.114339 -0.583412 
0 165 754 1674 388 2292 2106 2181 3260 2688 0.155825 0.169749 -0.624315 
0 263 831 1696 429 2954 2986 3143 4145 3809 0.270538 0.453431 -0.665997 
0 193 637 1202 339 1896 1608 1774 3063 2315 0.224016 0.260934 -0.655676 
0 116 431.5 639 246 1662 1446.5 1634 2348 1709 0.444589 0.559828 -0.689513 
0 257 835 1580 464 2192 1901 2021 3015 2504 0.162248 0.186284 -0.566234 
0 191.5 658 1607 332 1945 1982.5 2019 3313.5 2673.5 0.095158 0.042089 -0.668639 
0 439 1013.5 1973 577.5 2369 2454 2591.5 4306.5 3878 0.091202 0.062211 -0.618985 
0 1096 1614 1790 1330 3162 2795 3074 3683 2988 0.27706 0.773056 -0.390598 
0 402 987 1358 624 2382 2161 2359 3307 2667 0.273797 0.466358 -0.540289 
0 252 719 1536 409 2096 1905 1991 3228 2737 0.154185 0.159629 -0.635673 
0 251.5 662.5 1347 367.5 1724 1733 1801.5 2766 2138.5 0.122761 0.082001 -0.613534 
0 328 695 867 453 1960 1725 1920 2920 2063 0.386629 0.600238 -0.615491 
0 249 899 1452 422 1924 1706 1850 3241 2204 0.13981 0.126361 -0.5657 
0 357 910 1842 480 2834 2735 2860 4055 3980 0.212147 0.324307 -0.633434 
0 805 1826 2120 1630 2984 2302 2490 3350 2952 0.169279 0.461782 -0.294436 
0 383 874 1130 541.5 2756 2473.5 2733.5 2852 2210.5 0.418425 0.832398 -0.530864 
0 374 702 1300 440.5 1824 1941.5 1968 2498.5 2243 0.167734 0.172411 -0.561319 
0 166 666 491.5 347 2511 2127 2439 2141.5 1201 0.672606 1.302679 -0.525557 
0 218.5 605 816 347.5 1886 1823.5 1942 2083.5 1375 0.396003 0.564726 -0.549935 
0 350.5 1051 613 488 4053 3613.5 4064 2495.5 1272 0.737248 2.093271 -0.407303 
0 1315 1578 1454 1678 2112 1606 1647 1729 1309 0.18452 0.60332 -0.045661 
0 365 1198 1852 709 2994 2504 2736 3653 2951 0.235658 0.431772 -0.506081 
0 56 437.5 833.5 236.5 1552 1195 1267 2076.5 1651 0.301195 0.321727 -0.651949 
0 420 1040 1214 791 2196 2069 2333 3385 2602 0.287977 0.537633 -0.529943 
0 637 1608 2964 854 3630 3776 3835 4980 4170 0.101001 0.122872 -0.51184 
0 303.5 684.5 906.5 504 2141 1845 2090.5 3141.5 2139 0.405086 0.691134 -0.642185 
0 277.5 643.5 981 415 1563 1537 1611 2203 1709.5 0.228774 0.249188 -0.547866 
0 245 765 1364 437 1982 1870 1956 2946 2495 0.184698 0.212983 -0.587712 
0 304 791.5 1640 433 2070 2184.5 2245.5 3857.5 3107 0.115903 0.090405 -0.659497 
0 391 885 1568 530 2008 1882 1985 3454 3070 0.123043 0.110186 -0.592072 
0 29 276 437 122 1710 1421 1633 1635 1086 0.59292 0.740186 -0.711146 
0 484 912.5 1093 596 2325 2279 2487 2777 2063.5 0.360445 0.655152 -0.505353 
0 214 504 642 273.5 1357 1165.5 1307 2135.5 1489 0.357679 0.373511 -0.61811 
0 44 463 1079 246.5 1552 1467 1551 2398.5 2108 0.17978 0.146463 -0.676393 
0 423.5 984 2005 593.5 2696 2929.5 2988.5 4127.5 3657 0.14699 0.19027 -0.614986 
0 233 669 1272 350.5 1847 1748.5 1864 3249.5 2600.5 0.184354 0.190653 -0.658543 
0 310.5 910 1566 512 2144 2022 2127 2966.5 2490 0.155795 0.177368 -0.530504 
0 337.5 933.5 1302 569.5 2463 2237.5 2491 3430 2796 0.308367 0.538174 -0.572132 
0 379 1194 2006 678 3348 3246 3487 4529 3970 0.250654 0.47998 -0.582736 
0 299.5 662 1401 367.5 2080 2001.5 2082 2853.5 2620 0.195059 0.228398 -0.623382 
0 326 737 929 412 1798 1554 1736 3029 2261 0.318665 0.43235 -0.608603 
0 206 624 1253 333.5 1895 1915.5 2032.5 2864.5 2380.5 0.203939 0.225364 -0.642253 
0 194 586 1136 300 1938 1752 1912 3107 2646 0.260898 0.321535 -0.682643 
0 305.5 709.5 1351 419.5 1998 1846 1956.5 3070.5 2704 0.193192 0.2271 -0.624603 
0 336 944.5 2149 529 2720 2747.5 2825.5 4000.5 3533.5 0.117273 0.120593 -0.617998 
0 481 1068 1624 707 2514 2198 2384 3739 2897 0.21508 0.356775 -0.555648 
0 434.5 1136 2716 629.5 3374 3310 3417.5 4759 4443.5 0.108046 0.120553 -0.614589 
0 245 705 1396 437 1684 1724 1729 2697 2398 0.093507 0.037219 -0.585538 
0 212 651 1432 338 1808 1904 1946 3595 2891 0.116049 0.072368 -0.693358 
0 388 1019 1340 584 2618 2356 2505 3537 2650 0.32289 0.592131 -0.552678 
0 349.5 672 852 445 1457 1321.5 1430.5 2591 1720.5 0.262018 0.295576 -0.588109 
0 368 988 1760 542 2412 2287 2428 3970 3231 0.15628 0.193913 -0.601452 
0 344 862 1524 508 2060 1867 1997 3954 3090 0.149554 0.160724 -0.642027 
0 731 1819 3294 981 4035 3689 3799 5395 4642.5 0.101105 0.135478 -0.495703 
0 249 571 1152 291 2066 1887.5 2026.5 3475 2730 0.284027 0.374223 -0.717746 
0 565 887 1100 633 2364 2243 2459 2724 1987 0.364896 0.686198 -0.508723 
0 236 604 1428 309 1614 1746 1771 2439 2136 0.061144 -0.023826 -0.603023 
0 715 1396 2166 824 2608 2512 2529 3405 2906 0.092585 0.087822 -0.418455 
0 296 409 824 341 1522 1225 1374 2605 2192 0.297528 0.335925 -0.7286 
0 360 792 1440 439 1932 2014 2113 2942 2542 0.145908 0.139539 -0.57579 
0 589.5 1195 1707 812 2743 2392 2618 3574.5 2934 0.232809 0.436639 -0.498899 
0 414.5 1074 1887 598 2485 2301 2434 4031.5 3214 0.13678 0.161935 -0.579277 
0 836 1418 1406 987 2110 1811 1938 2680 1894 0.200228 0.366474 -0.307955 
0 440.5 985 1170 610.5 2423 2278 2451.5 3106 2200 0.348734 0.644459 -0.518455 
0 308 935 932 476 3032 2587 2882 2441 1595 0.529768 1.143758 -0.44609 
0 234.5 865 1196 498 1850 1459.5 1654.5 2638 1883 0.214708 0.268857 -0.506138 
0 477.5 1370 2345 703 3068 3010 3137.5 4145 3603 0.133567 0.18108 -0.503173 
0 361 714 749 469 1692 1265 1455 1888 1286 0.386317 0.555279 -0.451191 
0 548 1330 2554 800 3088 3201 3284 5004 4128 0.094647 0.097511 -0.580044 
0 292 881 2114 460 2544 2678 2762 4030 3567 0.092314 0.060591 -0.641214 
0 688 1112 1876 784.5 2080 2141 2199.5 2423 2268 0.051567 -0.012273 -0.370863 
0 166 670 1694 380 2428 2285 2394 3161 2791 0.178069 0.21829 -0.650222 
0 310 650 887 429 1826 1623 1720 2757 2201 0.346111 0.491688 -0.618433 
0 240 652 1338 387.5 1930 1939 1975.5 3158 2784.5 0.181151 0.196023 -0.657743 
0 227 876 1672 477 2400 2083 2225 3694 3260 0.178782 0.231241 -0.61663 
0 462 1122 1754 656 2158 2116 2214 3634 3122 0.103272 0.08773 -0.528175 
0 315.5 847.5 1749 464.5 2583 2265 2416 3926.5 3235.5 0.192521 0.267007 -0.644952 
0 520 1040 1808 592 2990 2495 2827 3437 2676 0.246353 0.433149 -0.535403 
0 556 1542 2930 868 3688 3437 3570 4780 4005 0.114536 0.158925 -0.51218 
0 534 1388 2652 813 3320 3020 3059 4755 4101 0.111855 0.143171 -0.548104 
0 688 1566 2928 885 3450 3468 3561 5435 4880 0.081844 0.075658 -0.552635 
0 299 668.5 1424 402.5 1908 1877.5 1970 3535 3127.5 0.145258 0.133117 -0.681932 
0 147 329 461 199 1032 849 955 1916 1329 0.382451 0.301706 -0.706904 
0 38 350 470 189 1204 1061 1165 1821 1270 0.438471 0.408635 -0.677568 
0 661 1387 1371 929.5 3694 3290 3667.5 3270.5 2357.5 0.458638 1.287571 -0.404402 
0 114.5 527 895.5 301.5 1949 1666.5 1871 2468 1848.5 0.370364 0.514698 -0.64808 
0 158 544.5 1282 296 1408 1534.5 1571.5 2234 2109 0.04684 -0.050484 -0.608062 
0 414 934.5 1682 574 2094 1935 2013 3303.5 3360 0.10911 0.090408 -0.55899 
0 2417 1536 1380 1762 2172 2084 2124 2242 1736 0.222973 0.871863 -0.186871 
0 181.5 612.5 881.5 430 1636 1489 1642.5 2589 2049 0.299702 0.380135 -0.617367 
0 277 622 973.5 402.5 1386 1461 1570.5 2370.5 1759 0.174825 0.144598 -0.584294 
0 384 828 938 478 2810 2792 3068 3615 2903 0.499466 1.021988 -0.627279 
0 331 960 1564 588 2170 2237 2324 3147 2677 0.162292 0.201719 -0.532505 
0 417 1078 1814 680 2468 2214 2322 4052 3398 0.152732 0.206098 -0.579727 
0 350.5 1003.5 1662 663.5 1965 1856 1932 2344.5 1806.5 0.08354 0.043587 -0.400538 
0 246 719 941 387 2620 2293.5 2577 2901 2111.5 0.471497 0.870483 -0.602762 
0 379 982 1960 541 3094 2990 3144 3874 3265 0.224377 0.375209 -0.595552 
0 350.5 874 1326 663.5 2116 1707.5 1873.5 3016.5 2441.5 0.229518 0.355349 -0.5507 
0 598 1665 2795 1031 3257 2912 3066 4275.5 3534.5 0.076338 0.069436 -0.439441 
0 320 871 1462 537 2383 1973 2123 3476 2849 0.239532 0.368378 -0.599264 
0 266 778 1644 393 2258 2126 2224 3339 2693 0.157355 0.171636 -0.622055 
0 290 715 1664 379 2032 2065.5 2160 4038.5 3089 0.099567 0.055602 -0.699169 
0 915 1866 2458 1510 3208 2823 2997 5160 4604 0.132369 0.289898 -0.46883 
0 432 1242 2192 712 2764 2592 2707 4028 3496 0.115416 0.133445 -0.528653 
0 281 658 1172 338 2417 2160.5 2349.5 3511 2619 0.346893 0.547781 -0.684337 
0 157.5 482 1077 242.5 1583 1742.5 1860 2269 2008.5 0.190226 0.16406 -0.649582 
0 681.5 1332 1728 892.5 2125 2041.5 2139.5 3729 3146.5 0.103037 0.109281 -0.473622 
0 362 750 1186 477.5 1952 1715 1867.5 2841.5 2376.5 0.244104 0.32938 -0.582347 
0 250 585 1078 332 1614 1589 1662 2320 1954 0.199108 0.192936 -0.597246 
0 168 470 947 266 1548 1287.5 1430.5 2444.5 2059 0.240882 0.238813 -0.677475 
0 197 675 1528 401 2070 2114 2204 3031 2805 0.150639 0.150911 -0.635726 
0 354 1033 2126 584.5 2946 2918.5 3030 4058 3701.5 0.161672 0.229913 -0.594186 
0 654 634.5 910.5 352.5 1515 1381.5 1564.5 3328.5 2413.5 0.249227 0.263443 -0.679788 
0 46.5 369 707 200.5 1213 1220.5 1339 1891 1442.5 0.263542 0.210054 -0.673451 
0 184 735 1470 391 2408 2197 2389 3551 2751 0.241877 0.345732 -0.657023 
0 311.5 830 1594 423 2831 2594 2778.5 4265 3532 0.279548 0.464061 -0.67419 
0 831 1742 2744 1076 3392 3323 3390 4777 4176 0.105606 0.151033 -0.465562 
0 201 532 734 334 1648 1361 1532 2197 1695 0.383711 0.492255 -0.610114 
0 509 896 1126 661 2040 1827 1969 3640 2897 0.288692 0.479401 -0.604938 
0 429 1042 1822 590 2458 2248 2387 3786 2996 0.148598 0.185328 -0.568351 
0 378 912 1986 482 2580 2536 2671 4652 3649 0.130092 0.139302 -0.672178 
0 342.5 1091 2599 564 3164 3089 3217 5054 3971 0.098039 0.090351 -0.644915 
0 335 1023 1868 533 2522 2324 2466 3541 3031 0.148975 0.181781 -0.551709 
0 151 637 1228 332 1848 1604 1749 2932 2591 0.20156 0.21728 -0.643037 
0 282 598.5 979 366 1619 1552.5 1669.5 2717.5 2292.5 0.246343 0.274514 -0.639023 
0 261 532 931 333 1362 1508 1545 2375 2031 0.187963 0.151776 -0.633987 
0 477 738 948 605 1356 1163 1283 2751 2105 0.177083 0.177075 -0.576956 
0 234 678 1406 376 2102 2099 2207 3230 2812 0.198404 0.237306 -0.65302 
0 374 1030 2408 565 2980 2985 3059 4293 3776 0.106162 0.105097 -0.613 
0 358 994 2030 587 2728 2645 2734 3816 3339 0.1467 0.189889 -0.586694 
0 147 749.5 565 307 3948 3370.5 3942.5 2273.5 1347 0.749612 1.917133 -0.504135 
0 335 949 1420 558 2362 2144 2301 3067 2375 0.249075 0.392295 -0.52739 
0 337 785 1682 431 2470 2244 2370 3376 2852 0.189788 0.250735 -0.622687 
0 391 857 1188 496 1906 1863 2012 2637 2028 0.232062 0.306077 -0.509445 
0 779 1148 1274 791 2592 2193 2436 3429 2821 0.340921 0.715454 -0.498361 
0 193.5 892.5 1076 452 2561 2145 2425 3082.5 2120.5 0.408304 0.741527 -0.550943 
0 516 649 1230 319 1792 1861 1933 2902 2623 0.18597 0.184946 -0.634469 
0 281 754 1100 457 2062 2001 2155 2621 2214 0.304238 0.453157 -0.553185 
0 515.5 1092 1458 679.5 2385 2092 2253.5 3317 2691 0.241218 0.404844 -0.50465 
0 314 918 1468 509 2642 2466 2626 3163 2541 0.285645 0.484231 -0.55011 
0 266 742 1694 401 1932 1960 1915 3654 2586 0.065637 -0.005225 -0.66242 
0 292 837.5 971.5 531 2602 2087 2337.5 2303 1471 0.456275 0.90272 -0.466645 
0 474 1015 1136 707.5 2474 2157.5 2363 3173.5 2421.5 0.370637 0.747448 -0.51534 
0 139.5 431.5 854 220.5 1520 1356 1548 2468.5 1975 0.280539 0.283859 -0.702414 
0 143 430 563 281.5 1279 1056 1202.5 1856.5 1398.5 0.388708 0.398208 -0.623879 
0 459.5 903 1124 588 2507 2395.5 2571 2756 2099.5 0.380887 0.724884 -0.506423 
0 332 963 1878 521 2806 2623 2755 3692 3076 0.198121 0.298223 -0.586251 
0 486 871 1466 594 1914 1896 2006 2712 2372 0.132544 0.131287 -0.513815 
0 151 343 277 189 2246 1702 1993 1215 546 0.78042 1.307852 -0.559692 
0 287.5 585 1313 348 1482 1726 1695.5 4707 3694 0.060465 -0.02674 -0.778912 
0 289.5 975.5 2265 508.5 3393 3404 3579 5780 4959 0.199364 0.322358 -0.711198 
0 562 1392 2301 860 3011 2675 2836.5 4347 3620.5 0.13366 0.197311 -0.514898 
0 414 692 745 487 2038 1851 2116 2876 2255 0.464607 0.791742 -0.612108 
